"","X1","X2","X3","X4","X5","X6","X7"
"1",-0.317309929837946,0.655444142228863,-0.314010240281548,0.473615509656307,-0.149195009318768,0.218188767860069,0.277358637200119
"2",-0.333024471100026,0.560172191723722,0.520542894977216,-0.487988693756908,-0.037784149922261,-0.218409042427979,-0.130666731506151
"3",-0.376166316365354,-0.345487154950297,0.493198427133337,0.455025500238694,-0.130137549877644,-0.358026586212972,0.379111877258848
"4",-0.411996276890875,-0.0373962141165537,-0.0644868607187004,0.266940044588098,0.719329203862614,-0.0533859541545981,-0.482866943119053
"5",-0.390710089276987,-0.14156407139791,-0.618283307997896,-0.33330821954176,-0.118988500082528,-0.551199422744125,0.126323215911212
"6",-0.404746414230516,-0.241577224284905,-0.00481159002846582,0.0368186358764624,-0.601878313044599,0.336243171960521,-0.548748619246054
"7",-0.400865372213256,-0.239667059412547,0.027055857175286,-0.38314515440542,0.255982723881797,0.59730878187547,0.46046659966769
