"","X1","X2","X3","X4","X5","X6","X7","X8","X9"
"1",-0.356395954220305,-0.277905080939871,-0.121208668660851,-0.181877130196302,0.170682143312189,0.224000537378744,-0.294397362047312,0.762530582102964,0.0234206691175735
"2",-0.318528746952451,0.384129239267987,-0.237498297088657,0.414264300281601,-0.64058965466637,-0.105899461191038,0.143680778753702,0.28080925349549,0.0435431822262379
"3",-0.315817304183127,0.229360240803543,-0.662253585905049,-0.440084011503597,0.165678184328878,-0.318252052605376,-0.105134351293172,-0.255303126056792,-0.102142123267506
"4",-0.322421952339605,-0.411139084170845,-0.3247535638467,0.274693665613656,-0.0172899102508299,0.51725426599133,0.0754984611909862,-0.415283860952977,0.316347327259686
"5",-0.327491421784094,-0.384799036222623,0.071561633231001,0.469249596315472,0.312721332307846,-0.537649873269557,0.173377859082761,-0.00529760090997647,-0.320020085126486
"6",-0.307730325504004,-0.407137470778836,0.325997344676952,-0.51985801132691,-0.523469194763578,-0.198092416196101,0.184791734107517,-0.118860271388328,0.0384467637911035
"7",-0.355742020607388,0.189635819198989,0.362524857531025,0.133250242402967,-0.0728315815392168,0.0431354775657365,-0.759181838346575,-0.292994596846629,-0.137615279935155
"8",-0.349208403016294,0.309223602320231,0.205399904028139,-0.12867912669438,0.168459197879766,0.464514377938969,0.437959466110887,-0.0372010045546864,-0.535109614425848
"9",-0.342603849465143,0.328876615750774,0.315989872078921,-0.0376001540436523,0.356744626256882,-0.154371144912792,0.208708775393533,0.0258326528938665,0.691285429816637
