"","X1","X2","X3","X4","X5","X6","X7","X8"
"1",-0.3212885492874,-0.465060288838751,0.429426337042135,-0.537822885394604,-0.0802745517091962,-0.422159042990274,-0.140997881601113,-0.0478486885487525
"2",-0.350490961490974,0.221161487349524,0.706513254822435,0.401887414592765,0.263650741365311,0.244210685292436,-0.150800424106663,-0.12521129755099
"3",-0.319392218645901,-0.50752674006197,-0.0556595847486803,0.4733436345917,-0.431835784012576,0.0825492003810657,0.458666723775993,-0.0978843944197892
"4",-0.330940029519674,-0.440902832081535,-0.435880603579949,0.122828578693515,0.501765894069571,0.187275634639324,-0.449541185905401,0.0455650699185081
"5",-0.384896952516557,0.128994807386809,-0.0447946540202014,-0.521437941175748,0.0415291022183636,0.611919289505711,0.379603987269258,0.202587062107527
"6",-0.364293506639254,0.331570872116709,-0.260539580571924,-0.100389985031001,-0.445129896985449,0.048767562123525,-0.367765560103091,-0.586192432688646
"7",-0.380127770720298,0.269043170563369,-0.0829122037037783,0.162216272530477,-0.297451463191683,-0.25168963116451,-0.221060036049311,0.74110560298449
"8",-0.370195240962193,0.289594015558557,-0.215824660932822,0.0424523158332659,0.444353982365416,-0.529230750596606,0.465508489999731,-0.190982991526361
