"","X1","X2","X3","X4","X5","X6","X7","X8"
"1",-0.341682846872729,-0.343774423547164,0.529634062742503,-0.53216938832675,-0.0843293872481179,-0.111214889636932,-0.417192298939837,-0.0884639364558338
"2",-0.341900911437114,-0.423199432327496,0.179439451540303,0.390451518077172,0.560292815450578,-0.0753697614853647,0.178434125097037,0.409765451822457
"3",-0.356264063362066,-0.335660853423764,-0.010646797531202,0.517217345068641,-0.591270434411903,-0.00830505742410336,0.094500394710289,-0.366306629900686
"4",-0.330235965076107,-0.334590897589079,-0.732292139526758,-0.352201553583802,0.0845343803462337,0.331670143100565,-0.0392284145457363,-0.00232655724681786
"5",-0.380274444917268,0.232915786734347,-0.0111683864401472,-0.347558473858794,-0.215408077651652,-0.403216899687781,0.658833209208118,0.192806253942084
"6",-0.352401618981036,0.380995459812054,0.324295726952491,0.0110454939580359,0.034951657732137,0.77173242002152,0.166119149422764,-0.0312684951714452
"7",-0.36506489418537,0.351217862646487,-0.116985390600691,0.0941823806397382,0.470911735927799,-0.308456044412346,-0.140609432010014,-0.619793293619147
"8",-0.358202166317087,0.3941329950314,-0.17873465784263,0.207350961564365,-0.229855619901542,-0.136296228608532,-0.549740733316521,0.517479225956867
