"","X1","X2","X3","X4","X5","X6","X7","X8"
"1",-0.354239657066037,-0.343942121463842,-0.245337482648336,0.566499100273187,0.538202180753073,0.164349250735784,0.132310963182074,0.202306492429656
"2",-0.365971854966712,-0.369642932114841,-0.122278226930058,-0.3979754837273,0.118489028658913,-0.0733326355788744,-0.727896007461202,-0.082718381567792
"3",-0.368777390834577,-0.325799124425904,0.049334622065411,-0.214295137594963,-0.500363539871053,0.594791846243446,0.306090869328149,0.108024177503644
"4",-0.348890222739873,0.177245572104333,-0.611807498742306,-0.342928714081659,0.0375974095466365,-0.35133109259948,0.439131339505905,-0.193048351505264
"5",-0.333051049975687,-0.3353500387804,0.567384193382255,0.134023212774735,-0.122326029931639,-0.57390960672145,0.229690478910392,-0.199089665099651
"6",-0.333416577009831,0.436378182957863,0.400735528773138,-0.1704005301891,0.451513689783303,0.363712995825229,0.0555279300424041,-0.41176092152478
"7",-0.355994117906596,0.368644287829759,-0.177604113344109,0.546746228276526,-0.474985275762493,0.0103220298227011,-0.32435281182771,-0.275631302329155
"8",-0.366109665975605,0.410758663319576,0.184548710039109,-0.106027234319072,-0.009068827457579,-0.169218341316236,-0.0713263209771843,0.786216571600524
