"","X1","X2","X3","X4","X5","X6","X7","X8"
"1",-0.337987216726285,-0.374587316513673,0.489683160937793,0.568915840850301,-0.0544747475808065,-0.0894547341252443,0.309940499732031,-0.273790778889135
"2",-0.343890276178361,-0.407575336672226,0.200864416973227,-0.46727656906165,-0.39261524328563,0.238899402862186,0.101341399400219,0.485219727243166
"3",-0.358803297514272,-0.330333453010423,-0.0131791737514747,-0.424002209879596,0.53213164334092,-0.42848869669005,-0.236769252948094,-0.24364340896913
"4",-0.334775296478131,-0.309473255906813,-0.783428190868064,0.235426712447074,-0.151865044684013,0.252791286120643,-0.0491021217727245,-0.183272728653175
"5",-0.345217125874387,0.415440328237527,-0.179553681289875,-0.097093801333811,-0.423969443684006,-0.621040883655852,0.317466307524215,-0.0184665695759256
"6",-0.386876248677982,0.209736903872679,0.0595782419479609,0.416022291129215,0.114093128794612,-0.107133707461999,-0.560026204791964,0.539989687277781
"7",-0.355621020940808,0.388232071585389,0.258654880651242,-0.195724963478966,-0.226402511045199,0.400513489279848,-0.357839562497398,-0.527143846452716
"8",-0.362457456148099,0.348379712906149,-0.0569124622322194,-0.0444268929417327,0.540955882443982,0.360331046099684,0.541047826845468,0.163825854113586
